0.17253521846866698 0.3517324876119356 0.39954727489040026 0.07618501902899712 
0.19484688436413047 0.363472064119012 0.35856704459772326 0.08311400691913423 
0.35032932630393016 0.2174435131964227 0.32827247314189145 0.10395468735775566 
0.25580211606946607 0.31968167126542985 0.30565374565525133 0.11886246700985276 
0.34645672061105887 0.19556573569892616 0.14702005076848815 0.3109574929215269 
0.45508848224364457 0.10568165178271241 0.42332874502977486 0.01590112094386825 
0.3896721914267716 0.17554116785838667 0.24253878126741307 0.1922478594474285 
0.28404203121746924 0.2853762515188238 0.17945402928334586 0.2511276879803611 
0.22784552567453076 0.3664498144567011 0.02677127387140356 0.37893338599736465 
0.33158855846413493 0.23984014041806864 0.3361921522293988 0.09237914888839777 
0.3007215827078035 0.30425025357048674 0.128426666149548 0.2666014975721618 
0.020597477469075896 0.3745095804992853 0.19947908473535433 0.40541385729628443 
0.12080993830335474 0.42102280288204497 0.23980531365808885 0.21836194515651144 
0.384128796329489 0.3191972249478001 0.02656609440002702 0.2701078843226839 
0.3228621168698481 0.2028152162653395 0.4146238036689661 0.059698863195846254 
0.3161861745840931 0.10688426888330022 0.26340842710733264 0.3135211294252741 
